079904
020302
030706
040202
040208
079905
090103
100402
150104
010102
010201
010202
029903
029906
030602
030701
030703
030704
030802
030803
030804
030806
030901
040101
040203
040209
040501
040502
040902
060401
070302
079908
079910
090402
160101
160102
160204
010401
010402
020701
029902
029905
029908
030702
030801
040102
040301
040503
040601
040602
060101
070301
070303
070304
079903
079907
079909
080302
089901
090101
090102
090104
090105
090106
090301
090302
090401
090501
100102
100202
110101
120101
120102
120103
120104
120108
120111
120301
150101
150102
150201
160201
160202
160301
160302
170101
010101
020601
020602
020702
029901
029904
029907
030601
030902
040504
040505
040506
040901
060102
060103
060104
060201
060202
060402
069901
079901
079902
079906
079911
079912
080201
080301
080501
080502
080801
080802
089902
089903
089904
089905
089907
089908
099901
099902
099903
099904
099905
099906
099907
099908
099909
099910
099911
099912
099913
100201
100401
100501
100502
110102
110201
110202
120302
129901
129902
129903
129904
129905
129906
129907
129908
129909
129910
129911
129912
150103
150202
150301
150302
160203
170102
170201
170202
170401
170402
020301
030101
030102
060105
060106
070601
070602
080202
080901
089906
099914
100101
100203
160401
010501
010502
010601
010701
010702
010703
039901
039902
039903
039904
039905
039906
039907
039908
079801
079802
079803
079804
079805
079806
081001
081002
081101
081102
110301
110302
120401
120402
